5883
5711
4301
3586
549
5561
5732
272
7370
2031
6246
781
2892
3922
6509
2050
832
6990
4679
5710
2957
2885
7644
5246
4530
4935
7104
8179
1381
6643
4501
725
363
7436
6271
4559
7258
3570
4879
5023
7291
1566
6642
1526
5806
2550
2902
5875
6201
2653
7347
55
3910
4521
3838
1300
7106
1593
2016
1498
3699
5129
5833
7862
7079
3019
4398
1614
2129
6877
3486
3287
6987
2213
1651
6902
2145
7551
6038
7089
306
617
3438
3230
4279
5928
1119
6806
7339
3564
5111
560
8115
7607
454
1548
3747
5481
2709
4343
971
857
4416
1299
5269
1946
6245
5445
1073
6304
4489
287
1858
4248
7231
2824
2469
3912
1786
7750
2556
933
3085
4610
7368
4193
6355
6127
999
6492
3987
1473
180
7394
1918
4660
6346
3873
6897
7760
1596
229
2719
3456
6394
7685
7044
4422
543
6109
1908
4293
3051
1405
237
4304
5605
3423
8182
6571
3346
3751
716
3441
5959
1702
655
4404
3706
1513
3289
2342
5179
1861
1294
6711
474
6675
831
7951
1377
3069
6415
2138
748
988
3046
6621
326
1984
3488
2156
3161
3027
4902
4736
4508
4658
7302
1121
7442
5017
5368
1815
7093
608
6586
2961
6397
5952
7444
1411
2976
2098
6227
6398
7643
2726
447
7596
7397
3596
634
5103
3326
3371
4840
6066
4906
283
1957
4769
1742
2625
1463
2080
1790
7597
5472
7194
1360
6150
2230
5378
1895
5173
750
1367
6726
4078
7178
2139
1731
4172
250
4638
236
4919
1472
6353
5749
5341
7481
450
4546
2585
1426
3020
2586
3876
7256
2643
327
1821
7543
5953
5241
8044
6419
6829
3908
6156
7678
3059
4436
499
4240
6835
813
3698
779
5182
349
4205
2492
7515
5824
6597
7542
4192
8105
603
726
396
1799
7793
4846
7342
6342
5166
7640
342
4311
3846
313
4241
3744
1418
3549
4482
1562
8008
1220
2571
5333
5996
4763
6364
637
6993
4993
249
5297
1397
8025
1491
4995
2416
4036
7425
5415
3138
5081
6101
7203
5353
3042
752
1001
1804
2229
1796
5936
1749
1026
4019
4550
7048
7384
5857
1011
3054
6270
3886
3652
5792
6639
5567
4003
520
4397
3506
4250
4341
7632
3323
7232
7112
6599
4710
2063
1067
5280
7198
2991
3808
6351
2189
3766
5275
8098
2391
4459
70
4613
2758
4688
6013
4601
6888
4891
5328
5522
1019
8129
824
4913
3617
1254
7800
731
4435
5960
1365
37
34
755
5505
2532
969
1373
4890
3924
680
5780
2222
7506
4047
1182
2825
96
1945
6413
5819
4537
3246
1678
536
4326
6372
2497
3109
3830
1705
8172
4842
2545
4808
2274
7600
8001
936
729
7883
7255
562
1379
2397
1168
3965
3251
5643
3859
6286
1122
2043
7575
1832
7447
4235
2555
1781
4790
2606
5480
941
3043
3814
3086
3420
7483
42
951
1993
3756
5183
2613
5035
1774
2607
8095
4296
30
3958
1500
4123
2045
2647
3810
6662
4380
2893
1047
3095
7246
7484
6404
5650
6258
1853
1654
4857
6474
1670
3574
4214
3353
1977
4213
2315
5793
594
332
6045
6703
760
874
3081
4084
5079
4759
8049
5097
175
3767
2941
3182
4590
2948
1048
1664
5252
7814
195
2340
6263
2088
6195
5848
2914
1538
4690
4980
4212
1043
522
2404
4957
1152
1798
8076
8065
4591
6358
40
7346
4789
2211
3005
4811
1723
3994
7895
1715
3088
7403
6561
5958
5537
7009
5575
2017
5307
1199
1408
4381
5855
6763
1049
3152
7473
5513
4768
2198
7526
929
2245
3226
4751
1004
5239
505
6128
2393
1888
4574
2405
5614
3916
2012
1741
6532
4873
2553
3024
2779
5539
7217
2323
6799
4383
1253
592
2967
3746
4464
2259
6564
5006
5989
1625
7038
2509
5520
6461
7554
4778
5932
3159
6471
7523
6746
1863
5891
2911
3026
4147
5613
2548
6736
1873
1216
227
660
3283
2600
2375
699
36
3943
895
6124
5453
5224
7668
6727
6757
4744
6907
133
1462
1507
6989
3591
2108
1162
5508
3018
5796
1437
2452
6057
4698
4116
1074
3384
2153
276
3608
5747
3337
4207
2096
5775
5503
425
2866
1186
6688
2186
4420
3122
1647
1394
3539
7499
166
1244
2711
2435
1084
1458
1528
3895
2929
1759
1609
5257
3733
3267
2327
2079
8085
6467
654
3582
93
2309
138
8040
500
2619
7001
4297
2814
6031
1151
1248
3067
710
2623
4831
2403
8087
6359
5000
7501
6354
6651
4630
4182
4845
2371
7155
1622
5840
712
3701
5283
992
3552
6712
957
155
5137
1050
5277
1
3854
1278
6512
1206
3349
1184
6568
7234
2046
4825
4752
262
2920
4363
2919
305
1029
5440
4900
1125
6151
7292
6556
3500
2500
673
3530
1272
4510
2812
2010
1038
8012
1630
6186
4095
4522
5164
2910
141
5334
4366
5543
2736
828
58
1226
3807
914
7500
641
2069
1094
3210
2923
5665
1930
926
3554
5774
7003
3252
6846
5258
1915
7053
2973
5629
7562
5917
1269
3310
927
784
483
4098
3839
4814
7423
721
7527
1033
1083
3741
3659
4393
3084
1028
3742
2237
1486
4715
6899
2188
6661
5886
1104
1730
2349
2413
7537
4406
3480
3263
5717
793
5801
489
4976
4974
4931
4745
4378
7229
158
5746
1223
3690
4970
7457
7017
1451
5736
1438
4257
7670
470
7768
2121
7330
963
847
393
7620
6054
2551
4792
3411
711
2417
1261
7568
4545
6235
3282
4916
6321
7477
5243
4865
1024
4074
412
137
2207
2614
1342
661
3364
6616
2931
4456
879
5330
7078
550
3845
2569
5220
3148
5864
6390
3294
7601
7779
6748
6451
3334
5290
2579
6417
2448
5852
3142
1696
623
3666
4681
6620
174
1517
2478
2389
1634
3721
7681
8146
6478
7810
4704
2549
1432
2567
7997
1927
4878
7060
6198
1514
1332
7434
2953
2338
5420
7664
5906
7154
3154
2510
4536
352
2415
5502
1469
7666
7878
1581
2540
26
4141
2171
1295
4563
919
6601
7287
3935
4662
3356
4654
2694
1409
2210
5338
6671
6084
6210
1271
7813
913
6674
5020
6822
5767
6217
6805
4013
190
5233
165
337
1030
492
6998
5300
7348
5816
3381
5564
2280
5022
4132
7799
7966
1100
615
6622
7897
7581
3946
867
584
7725
2704
7179
811
2482
6881
440
4430
7105
2822
5600
6854
3813
4583
1739
6153
2646
749
7201
4215
4909
2823
3386
1321
2161
3100
4723
1263
5337
7119
2503
6224
5942
4049
355
5516
1310
6869
703
754
2830
6971
5619
6859
5569
3114
2446
5642
6107
1201
3045
2491
7683
6336
7082
7133
3013
2090
1914
3598
5162
6553
6131
6894
186
1835
3311
6800
4870
7409
4225
7662
3646
1878
5990
7405
1618
915
3821
6572
4411
5500
6733
3556
1657
6611
1210
14
692
5363
2678
4819
7946
6605
7718
7052
6896
1455
8148
6962
1063
3936
3942
246
74
3988
2266
2023
3888
6134
4735
769
6299
588
7191
8156
6683
4586
5659
6062
1801
6015
2147
1353
7121
4096
645
3313
7094
4659
2263
5132
5093
910
7306
5128
4173
2972
5169
6464
706
7243
5862
2191
5458
4606
6607
6132
5144
6988
5941
4375
4027
4568
1322
2859
2465
1143
4417
1703
1757
2821
7514
1932
2539
3725
7290
6392
7278
4314
371
7676
6222
7253
1785
1297
7576
8143
7999
3425
4958
607
7641
3066
7485
5524
2103
5228
1539
3239
4807
1818
4131
7608
2042
1605
53
4107
4928
5050
2639
6849
4463
6936
153
109
4655
104
3033
8073
4007
556
3983
7465
5106
3703
775
3220
3156
219
2538
7699
3367
5051
7183
6497
4531
5773
7809
3382
6264
8011
303
33
4876
4190
1518
6775
4063
233
1613
2169
4996
6541
1504
3250
4963
4179
446
2578
3345
2187
1768
414
2925
5127
5345
1176
4127
7739
4732
69
6291
5683
3974
8136
6495
4670
6581
6012
6416
3338
7088
7136
2150
5048
1292
2359
7149
830
4880
2133
791
3064
7865
7598
3147
2947
2084
1916
3457
6447
7732
6362
6157
4834
3568
2214
5610
8160
8072
4604
1036
1866
1202
3298
3955
1676
6249
2905
2240
7756
5202
3518
6477
2160
8164
6301
4979
860
206
2093
3455
1494
3029
2466
525
3827
5247
5703
275
324
5057
5181
5879
3522
2329
401
1794
6318
6979
5831
1233
4264
130
2685
50
3253
1114
5399
3595
6281
6324
4002
7505
5593
4483
4462
4475
3972
235
2816
225
5555
1046
5926
6491
308
7236
4415
7165
4229
7124
3735
1671
6164
5155
6984
1536
1245
3041
7031
4720
3890
7717
407
5869
3607
4965
4219
5566
7954
6939
1769
2858
7492
2209
7378
6268
853
2114
2837
5545
6188
1910
6075
6851
1240
3376
3143
1555
485
3070
7427
3980
1470
4543
1907
3257
4527
1392
221
2411
3749
4071
1425
5668
2473
6262
1876
347
3196
3871
1704
5088
6076
5814
6708
5922
966
7974
6981
7740
2959
833
3577
7933
6309
2784
6337
5726
2652
5838
6313
2176
5044
4050
5898
1725
5686
7407
1027
4927
681
4748
2290
6349
2864
2743
5316
196
1763
5219
6906
102
4795
2219
3350
1746
2703
922
1641
3409
3650
4281
4972
1597
4302
2817
6277
7431
1117
6350
302
2949
939
3392
7365
1224
6141
4896
934
97
1280
8091
5827
1937
3558
5365
3179
4982
8140
7754
3213
3258
4952
6937
3575
7267
3206
1164
7720
111
3464
350
5199
7700
1403
5482
5286
7489
2321
3643
2057
3856
854
4426
5573
3662
7751
5782
2968
3829
7197
6001
1816
596
3743
7557
6098
807
4519
4691
4149
3768
122
2036
47
5121
5049
1412
475
5813
8018
4312
78
1066
88
5146
351
5117
5702
6037
6241
3348
1800
35
4534
6003
3877
6770
1899
7117
6946
8009
1188
1230
7103
380
1270
1860
3215
2095
5940
4450
7240
4930
3891
5303
6629
1687
5786
22
7295
6912
6542
6182
3358
4143
3322
2851
5604
1075
5963
7629
3613
3651
1222
3929
1626
1052
3932
2716
1940
3738
3984
3390
2495
4345
1399
4623
1091
6821
2440
6658
7578
4346
2867
5474
7383
816
1874
2249
6021
4226
1093
261
5265
7313
3205
3075
7450
5778
3609
3399
1871
8075
4781
2407
5109
6760
524
6785
7493
2287
2064
2687
3523
7674
1578
7872
683
8181
2666
2246
230
4838
3755
4160
4228
5662
3569
1288
3235
3572
2196
4987
2126
113
435
7047
6181
3454
6931
1847
7982
3387
4597
3082
636
2632
3362
1933
7950
5272
6434
182
6652
3238
480
6457
938
4452
2168
5389
7705
5123
918
599
1770
6041
2645
2924
2620
5908
899
1603
5945
5467
6615
3307
2305
3277
4587
3825
3880
6460
1692
6848
1527
2800
6841
6455
2483
3551
6202
3931
126
7307
3262
5158
5065
3011
1638
5830
7986
6162
3265
3707
7746
7821
4385
4784
842
4933
7795
7282
8132
6916
2729
6724
244
3499
2978
6967
4085
5484
2775
2720
3490
526
589
7995
7116
6590
822
7649
3800
2794
1218
6
4454
7205
7115
3131
1378
5200
3678
3158
5203
6032
7250
5676
8061
7168
2289
4882
4776
7942
2693
6154
3063
4856
2481
5019
83
4973
3761
666
4476
7126
4030
1695
7871
7059
4518
5969
5083
8100
4907
6466
3770
7300
4014
943
7364
1831
2426
3700
3112
4258
1101
467
1712
2141
3857
7454
7777
4115
1736
5899
4809
7627
3648
421
2997
7988
5878
6449
4376
7908
216
3397
3541
5748
5847
7281
2651
6079
2060
5343
5383
6875
697
6010
7546
2035
5658
6240
1672
2881
6310
2243
8153
2713
2351
1679
1287
5759
4872
2750
2165
7673
2899
5632
3465
2636
947
6330
3355
2212
5003
7459
3302
2521
5615
7830
8107
648
4713
5489
6544
6743
3729
743
568
5973
1410
7297
8163
3977
3563
2841
4616
1088
8166
7580
6326
6986
2073
2975
1178
240
1361
1721
1490
3654
2770
4231
6036
3502
6873
5689
6551
7008
5317
5096
1276
4180
4535
2425
3275
6669
354
5923
2401
6499
5980
958
1870
4065
2181
6345
5518
1228
449
4700
402
7220
6865
4449
3717
5787
4076
7561
7338
7022
8145
1958
3928
5647
6373
7042
5131
2725
7737
4615
4515
1471
7888
7993
2764
4370
4091
7147
7972
1859
6563
