3306
1590
5449
3307
5606
6376
7570
5121
7249
5770
5846
2529
2601
1825
5520
4806
2680
7189
531
945
6429
7478
3347
4300
5216
3111
2389
6831
269
644
2550
60
4287
7382
3999
2526
2516
2316
1589
2581
4660
1296
817
7160
4667
6384
6407
7894
4634
2177
5211
8076
7796
1866
7989
4625
3790
3895
3543
6518
4585
3358
3148
673
7584
4096
4221
78
994
2497
3466
4552
4843
6782
5636
1889
5602
3872
4789
3586
3655
7286
4489
6490
7811
3509
556
360
6779
1504
1662
4907
4178
7676
4368
7572
4115
6659
8133
7776
2384
2267
3265
2346
5208
5811
3399
7126
4201
6951
5221
571
6243
5229
6693
4893
3117
249
7680
7926
5861
6471
6666
2109
5165
5443
7767
2840
3942
6803
786
300
1627
4335
2461
6001
6874
4700
4121
5496
5919
4089
863
6128
761
3991
2051
3383
3467
2748
7857
3775
6711
3771
4512
6460
2211
23
6896
2557
6762
283
1156
1506
1507
6845
6754
3660
1995
6478
2705
1783
5582
1172
210
8162
7289
5724
7426
4839
7489
5943
8008
7654
4058
1874
1423
5045
326
6351
7173
4643
5383
3595
7518
787
5941
4398
2235
2885
2424
8004
1448
7660
6680
647
1488
7004
4894
6572
1613
4557
4195
1059
6467
1954
4542
3408
6567
7723
1567
3837
5363
2753
1265
1236
2939
367
1573
2914
3224
6656
187
2269
1770
3490
7423
3780
3510
4592
608
3874
4462
3501
2868
2469
189
3470
5286
246
176
2221
6735
6336
4555
6170
236
306
8144
2621
1499
5468
5419
1848
5684
5904
684
1588
3018
5044
2694
5689
8090
7178
5786
7482
7559
4945
2809
5889
1969
2387
4954
1634
3125
804
7947
6426
213
1214
3984
2927
5377
422
5510
1341
2582
6182
1472
5561
995
5506
5142
599
950
8152
815
7358
5465
3042
3248
2233
6286
82
4990
7153
137
7298
6066
6416
2978
7695
7613
3412
4752
2409
7003
1723
4073
7758
3770
5892
3562
3308
3158
1641
7717
8119
1412
4260
898
439
1677
3613
4695
7709
1653
1328
7768
6945
5385
3966
4737
4298
625
1113
75
2089
2817
237
4241
6922
6496
2049
4862
2850
7610
7645
4048
4985
7556
5605
2769
7642
1851
6291
6642
6612
1356
4328
7250
779
2585
6859
3566
3534
6769
3114
4204
2900
6701
6270
7997
3409
19
6495
5550
5787
704
1771
5828
974
987
4161
3023
5417
4657
5474
2824
7951
4819
7945
4787
1481
516
2115
5765
7752
992
1551
5849
6964
5052
4226
2871
7190
7458
674
3084
2427
6502
6455
1127
3345
4848
5407
1837
1979
3800
1453
2410
2086
7797
2671
3944
2634
1766
3329
4961
5057
3855
4445
7702
348
4218
1775
2321
3026
1805
4363
3970
6676
5624
1460
4685
1776
2588
922
5540
6504
935
336
6377
8120
2380
1703
2170
7967
1877
5728
3863
5521
6697
829
714
6934
2740
411
6981
2813
4012
1913
502
8043
5783
5681
2810
967
3716
7612
6839
4999
1555
3376
4982
3073
2845
942
2091
2875
6543
3019
4036
6013
5320
5741
1048
467
738
1398
6892
836
745
7903
4144
4337
977
2179
4251
1325
2064
7915
7013
913
5891
4721
6485
3815
6335
281
2759
1975
3652
4404
1420
2309
5276
274
4109
4851
7558
8170
62
7285
944
1494
3585
3824
6366
4749
8171
5554
5398
6139
7860
156
2285
7
6348
3348
7367
6135
4097
3624
8111
2910
5801
6444
158
2892
6637
5878
4734
1461
3934
1608
5735
1112
7927
8081
1702
4825
3343
4093
3138
2171
2083
5916
2754
4963
7828
6380
7901
929
4028
2020
5910
4635
8083
5117
4688
1873
162
3761
6167
1404
5893
2830
4673
2272
1262
3331
6968
2388
2328
7736
251
2121
2276
3965
1115
705
5957
5414
6627
726
4706
3267
6559
5626
5538
1740
166
3605
4259
1078
6175
5585
7474
1861
7597
4580
5841
7631
2330
7353
1652
105
1947
5022
406
791
3223
5355
1856
558
5441
1745
2547
5618
1066
3278
3433
2489
7609
2079
1198
2247
8123
1786
7698
6893
5186
2616
2999
2283
3341
6418
1306
636
4723
5153
4578
3281
456
205
344
7359
227
4998
808
5802
6605
868
1137
39
1939
4317
4458
7107
7900
11
2097
6907
482
1012
835
5968
5903
5185
459
3388
4101
4475
27
5356
387
5748
4880
1035
7269
4784
2046
4928
1959
5967
3701
3332
1807
6255
8135
2991
1704
5348
3809
1525
3536
7589
5076
5008
3783
24
7091
6628
1679
5311
6512
3351
4310
12
5256
2682
3499
4192
2665
5800
1680
3704
5438
5373
7799
83
1120
1135
8091
5041
1454
718
4833
7806
2626
1069
5073
4515
6948
7408
503
4485
2942
1010
3156
1480
5613
4639
136
4196
3036
7946
1294
7485
4655
1272
4359
6746
5746
553
2025
5494
7887
2112
33
397
1543
551
5006
1378
8099
1223
6864
5640
1658
6063
3013
669
7026
512
3447
1350
7377
3528
5353
1513
5198
3812
2859
4242
707
4138
824
2695
4492
4396
1976
3493
1104
5155
4583
4105
768
1029
8033
5268
2230
7491
7917
957
5273
5773
7674
4321
4346
1084
1808
3068
3368
2606
5075
576
6196
42
2445
4233
6670
2468
2167
2772
5218
8151
4214
1717
7324
6247
3052
3003
4560
5708
3263
4307
4590
6019
4809
5686
7414
6341
5985
5840
3007
5737
7876
2106
2545
5791
4484
279
1123
6375
5172
2032
207
7212
1311
915
5340
6234
5856
5547
1648
3072
7255
7764
7466
7913
6830
7637
5929
31
6333
7873
3305
4678
163
3975
6747
4402
5360
5081
8104
6119
2569
1381
6643
1604
7380
6482
3538
4729
4820
2335
1049
6745
5642
1639
1568
3799
8056
4275
4863
4266
4400
3008
1468
2837
6724
3444
2470
921
415
593
4288
1530
1968
7686
6814
2798
5351
6290
26
355
3325
4922
325
4417
3922
2779
5084
4429
6092
3264
6287
5663
3434
6368
2245
4155
2605
3396
6340
3978
6299
2862
4808
72
7421
8101
1299
2714
2417
1150
4051
5204
6813
7224
3429
3877
3705
7877
1248
6267
5914
1900
4653
4372
5248
5762
3923
820
1397
4918
5405
3115
2755
4788
6731
1741
2058
2710
524
7319
7784
4829
7587
255
5092
6653
3185
1169
538
5466
4912
6587
6127
6022
7798
3702
1772
1804
1550
3609
7647
7279
6827
4892
4516
5509
1337
7021
3949
1833
3584
3423
6200
6074
4322
7705
123
4438
7861
8102
2685
6034
7836
4151
3445
3810
2331
5759
4164
4704
196
8124
2985
5137
5768
7950
7493
5406
7682
1107
8176
7933
2254
6872
2594
737
4663
5771
1855
7309
642
5457
1431
6070
173
2777
7318
5536
4249
3095
3340
6436
4886
2308
4602
3542
4782
1492
1373
630
4930
5194
7345
665
7548
4434
2664
7665
3216
6544
431
7720
2696
7077
2913
3468
5394
3667
7361
371
2818
6752
5709
4522
2458
7854
7622
7763
1462
5590
6639
3304
3920
2519
1802
5799
1769
956
51
6271
4511
5332
3597
3835
3037
2984
4867
2707
3330
174
612
7386
5882
5600
1655
374
793
3958
7247
5289
7837
4334
1686
4649
4281
5384
5098
256
398
5452
2397
3342
6552
1835
6104
4480
4969
7471
2741
6164
6087
7909
1047
301
2981
4364
2442
6684
3318
2023
2860
7516
3360
4198
2467
2443
3059
7621
4879
200
4525
6148
4189
917
7012
6112
1728
5264
1859
7816
2597
2040
4055
749
5118
5629
2169
1606
6644
3621
3619
6404
5760
1458
7422
7461
4861
3257
7844
6836
410
4411
6357
4435
1907
6032
7555
7606
7932
2196
7497
8010
3190
3681
4019
2500
3945
2683
6994
1109
6750
7357
5409
3118
6574
6494
1268
6339
6101
5149
2527
2490
4846
3793
2325
2580
4816
7463
5816
4601
2405
517
6118
6928
4169
7146
5337
6725
8118
3403
8020
4262
6071
7658
5980
4910
649
895
2260
4624
7400
7261
7161
1208
5464
1896
4753
5284
1593
3088
2948
4951
4798
4613
95
4020
6185
432
5984
6717
585
1339
5862
4978
1980
6163
1363
4184
4692
2298
3410
1013
2987
4503
6707
4929
6738
1403
7293
5339
2205
3206
958
4171
3113
1733
5400
1663
2241
3195
8128
3496
6686
4406
923
5422
1884
7685
1870
2009
3421
6003
6634
4022
3162
3938
4040
2028
66
2288
6993
5415
1001
2956
3988
4483
3856
6657
2124
7636
366
6881
5879
1685
4099
2113
2141
6787
3952
6517
2297
1079
2088
7707
7614
1788
2300
5302
6468
3879
6661
1086
4719
6835
2474
5014
6704
7871
4558
2090
3578
7911
4642
6588
7165
3981
5819
6650
5927
6566
170
6810
6596
97
614
3632
4341
5858
3744
5094
5047
7722
5475
7884
4469
5055
938
1032
3154
6606
6364
3422
3941
7143
7666
4926
7908
4224
7429
7294
4377
343
4594
5620
1693
7277
1441
7371
6982
3699
7037
1327
350
579
1970
7693
6089
4088
900
2857
664
2976
2965
3139
7849
6519
2119
1017
2441
1250
7761
2936
4441
5810
1359
3038
874
4366
3604
2332
7307
3488
2609
4471
7179
2016
4864
3116
2392
289
3080
530
5136
743
1110
1307
29
4904
3924
773
421
2698
1452
6917
7672
6712
6367
2780
7971
4710
2726
7929
3513
3772
6553
7741
1455
1743
2212
654
1470
425
3861
2174
6114
1406
1793
7750
6236
2522
5963
1792
399
457
1147
7727
3674
3214
5359
870
5372
1389
3481
7790
2564
7415
133
7472
1333
1500
4776
5169
3805
5623
4874
1493
5246
5086
4379
6274
5679
2563
5445
3946
313
3176
3992
5705
7644
7052
8095
2438
2462
152
3275
5266
3567
3828
2912
8183
5263
386
4791
7350
6483
169
3093
7019
113
5610
2180
562
243
5758
8153
3623
4779
3071
3814
5170
7756
3494
4741
7694
5150
5755
2153
4117
7902
2364
4993
8141
2072
6816
167
2686
5820
699
81
7140
4382
5733
4319
3183
2134
7086
7907
7667
6817
4797
1962
6077
3087
1952
1822
4467
1300
1118
849
6025
1868
5569
2394
4509
7069
6996
5307
689
5534
2535
401
3053
2229
2833
6806
2994
7955
7721
5559
1485
2320
201
3177
5299
4125
8129
6975
6909
6051
3550
5280
5439
8084
7198
5830
155
50
2344
1762
5857
7757
4725
5617
3430
6678
4561
2788
5648
5387
2154
1763
7214
5483
7537
5138
5972
7739
5283
1931
5764
3313
570
7976
7066
772
6431
2882
1782
3653
6635
2989
1253
2370
4588
3773
4947
4313
5375
7363
1509
3416
3374
1097
4768
6415
7779
5401
6393
2253
5067
1752
3441
5028
7264
3661
4876
1295
7308
1044
330
7258
5362
7746
6445
6437
67
2122
978
2578
5739
2273
6369
7830
6547
2657
3531
4687
1246
41
7200
1997
1153
6593
4793
2333
1632
3294
5682
193
5100
4546
7191
5906
7446
6394
1994
4188
4149
4895
5655
8065
3027
6561
5794
2799
5729
4903
7464
6910
5515
635
3293
3165
4647
3533
5192
3698
7447
2676
3435
3250
3614
1535
960
6710
926
711
3515
3448
4395
6902
5046
632
6242
7580
6315
5583
1088
3852
241
5231
2879
6149
5981
6784
4436
429
2337
1263
846
5069
7629
4173
4487
5887
7465
1408
5704
7430
4577
6035
5990
5404
4361
856
8035
3442
4559
5722
7124
1930
839
3897
2395
6616
7050
4038
3056
2567
6679
5676
5611
3477
7977
5873
581
5296
1199
2917
2026
4425
6809
1755
6953
6231
6793
1243
6556
6342
5319
555
4102
7317
1255
5745
7115
407
3785
5123
6225
69
1419
5252
1484
656
5656
8107
7278
2627
2660
2980
1418
867
6899
3173
3741
3370
788
8187
5763
4326
1284
282
3600
1142
3407
7848
7054
3482
7334
6781
5043
2536
8191
928
2736
7992
5341
5734
2889
6221
2238
1241
6974
1151
3506
5446
6015
286
5577
2175
3346
5442
6931
3201
6477
629
5532
3461
2918
7747
1076
3603
8027
16
3393
106
4292
3058
5282
112
7259
6300
767
7469
5880
2213
2992
3234
5523
4783
4021
122
2613
4059
805
4084
3459
1436
2504
5029
1742
4153
4236
6297
7388
4591
5119
3796
3237
5187
4042
6398
4407
2730
5245
1749
4167
750
877
5958
4662
1522
3909
666
3328
3491
2670
3529
5915
8147
2655
1796
1301
5350
3687
3588
2011
2369
686
