1
3
5
8
12
16
21
26
32
39
41
42
44
46
49
53
57
62
67
73
80
82
83
85
87
90
94
98
103
108
114
121
123
124
126
128
131
135
139
144
149
155
162
164
165
167
169
172
176
180
185
190
196
203
205
206
208
210
213
217
221
226
231
237
244
246
247
249
251
254
258
262
267
272
278
285
287
288
290
292
295
299
303
308
313
319
326
328
329
331
333
336
340
344
349
354
360
367
369
370
372
374
377
381
385
390
395
401
408
410
411
413
415
418
422
426
431
436
442
449
451
452
454
456
459
463
467
472
477
483
490
492
493
495
497
500
504
508
513
518
524
531
533
534
536
538
541
545
549
554
559
565
572
574
575
577
579
582
586
590
595
600
606
613
615
616
618
620
623
627
631
636
641
647
654
656
657
659
661
664
668
672
677
682
688
695
697
698
700
702
705
709
713
718
723
729
736
738
739
741
743
746
750
754
759
764
770
777
779
780
782
784
787
791
795
800
805
811
818
820
821
823
825
828
832
836
841
846
852
859
861
862
864
866
869
873
877
882
887
893
900
902
903
905
907
910
914
918
923
928
934
941
943
944
946
948
951
955
959
964
969
975
982
984
985
987
989
992
996
1000
1005
1010
1016
1023
1025
1026
1028
1030
1033
1037
1041
1046
1051
1057
1064
1066
1067
1069
1071
1074
1078
1082
1087
1092
1098
1105
1107
1108
1110
1112
1115
1119
1123
1128
1133
1139
1146
1148
1149
1151
1153
1156
1160
1164
1169
1174
1180
1187
1189
1190
1192
1194
1197
1201
1205
1210
1215
1221
1228
1230
1231
1233
1235
1238
1242
1246
1251
1256
1262
1269
1271
1272
1274
1276
1279
1283
1287
1292
1297
1303
1310
1312
1313
1315
1317
1320
1324
1328
1333
1338
1344
1351
1353
1354
1356
1358
1361
1365
1369
1374
1379
1385
1392
1394
1395
1397
1399
1402
1406
1410
1415
1420
1426
1433
1435
1436
1438
1440
1443
1447
1451
1456
1461
1467
1474
1476
1477
1479
1481
1484
1488
1492
1497
1502
1508
1515
1517
1518
1520
1522
1525
1529
1533
1538
1543
1549
1556
1558
1559
1561
1563
1566
1570
1574
1579
1584
1590
1597
1599
1600
1602
1604
1607
1611
1615
1620
1625
1631
1638
1640
1641
1643
1645
1648
1652
1656
1661
1666
1672
1679
1681
1682
1684
1686
1689
1693
1697
1702
1707
1713
1720
1722
1723
1725
1727
1730
1734
1738
1743
1748
1754
1761
1763
1764
1766
1768
1771
1775
1779
1784
1789
1795
1802
1804
1805
1807
1809
1812
1816
1820
1825
1830
1836
1843
1845
1846
1848
1850
1853
1857
1861
1866
1871
1877
1884
1886
1887
1889
1891
1894
1898
1902
1907
1912
1918
1925
1927
1928
1930
1932
1935
1939
1943
1948
1953
1959
1966
1968
1969
1971
1973
1976
1980
1984
1989
1994
2000
2007
2009
2010
2012
2014
2017
2021
2025
2030
2035
2041
2048
2050
2051
2053
2055
2058
2062
2066
2071
2076
2082
2089
2091
2092
2094
2096
2099
2103
2107
2112
2117
2123
2130
2132
2133
2135
2137
2140
2144
2148
2153
2158
2164
2171
2173
2174
2176
2178
2181
2185
2189
2194
2199
2205
2212
2214
2215
2217
2219
2222
2226
2230
2235
2240
2246
2253
2255
2256
2258
2260
2263
2267
2271
2276
2281
2287
2294
2296
2297
2299
2301
2304
2308
2312
2317
2322
2328
2335
2337
2338
2340
2342
2345
2349
2353
2358
2363
2369
2376
2378
2379
2381
2383
2386
2390
2394
2399
2404
2410
2417
2419
2420
2422
2424
2427
2431
2435
2440
2445
2451
2458
2460
2461
2463
2465
2468
2472
2476
2481
2486
2492
2499
2501
2502
2504
2506
2509
2513
2517
2522
2527
2533
2540
2542
2543
2545
2547
2550
2554
2558
2563
2568
2574
2581
2583
2584
2586
2588
2591
2595
2599
2604
2609
2615
2622
2624
2625
2627
2629
2632
2636
2640
2645
2650
2656
2663
2665
2666
2668
2670
2673
2677
2681
2686
2691
2697
2704
2706
2707
2709
2711
2714
2718
2722
2727
2732
2738
2745
2747
2748
2750
2752
2755
2759
2763
2768
2773
2779
2786
2788
2789
2791
2793
2796
2800
2804
2809
2814
2820
2827
2829
2830
2832
2834
2837
2841
2845
2850
2855
2861
2868
2870
2871
2873
2875
2878
2882
2886
2891
2896
2902
2909
2911
2912
2914
2916
2919
2923
2927
2932
2937
2943
2950
2952
2953
2955
2957
2960
2964
2968
2973
2978
2984
2991
2993
2994
2996
2998
3001
3005
3009
3014
3019
3025
3032
3034
3035
3037
3039
3042
3046
3050
3055
3060
3066
3073
3075
3076
3078
3080
3083
3087
3091
3096
3101
3107
3114
3116
3117
3119
3121
3124
3128
3132
3137
3142
3148
3155
3157
3158
3160
3162
3165
3169
3173
3178
3183
3189
3196
3198
3199
3201
3203
3206
3210
3214
3219
3224
3230
3237
3239
3240
3242
3244
3247
3251
3255
3260
3265
3271
3278
3280
3281
3283
3285
3288
3292
3296
3301
3306
3312
3319
3321
3322
3324
3326
3329
3333
3337
3342
3347
3353
3360
3362
3363
3365
3367
3370
3374
3378
3383
3388
3394
3401
3403
3404
3406
3408
3411
3415
3419
3424
3429
3435
3442
3444
3445
3447
3449
3452
3456
3460
3465
3470
3476
3483
3485
3486
3488
3490
3493
3497
3501
3506
3511
3517
3524
3526
3527
3529
3531
3534
3538
3542
3547
3552
3558
3565
3567
3568
3570
3572
3575
3579
3583
3588
3593
3599
3606
3608
3609
3611
3613
3616
3620
3624
3629
3634
3640
3647
3649
3650
3652
3654
3657
3661
3665
3670
3675
3681
3688
3690
3691
3693
3695
3698
3702
3706
3711
3716
3722
3729
3731
3732
3734
3736
3739
3743
3747
3752
3757
3763
3770
3772
3773
3775
3777
3780
3784
3788
3793
3798
3804
3811
3813
3814
